0.134,0.88,0.0,0.0,0.0
0.29,0.88,0.0,0.0,0.0
0.433,0.89,0.1,0.0,0.0
0.577,0.89,0.0,0.0,0.0
0.756,0.88,0.0,0.0,0.0
0.914,0.87,0.05,0.0,0.0
1.07,0.86,0.0,0.0,0.0
1.217,0.87,0.05,0.0,0.0
1.375,0.86,0.05,0.0,0.0
1.534,0.86,0.05,0.0,0.0
1.688,0.86,0.05,0.0,0.0
1.829,0.85,0.0,0.0,0.0
1.974,0.85,0.1,0.0,0.0
2.127,0.85,0.05,0.0,0.0
2.289,0.84,0.0,0.0,0.0
2.434,0.84,0.05,0.0,0.0
2.56,0.84,0.0,0.0,0.0
2.723,0.84,0.05,0.0,0.0
2.853,0.84,0,0.0,0.0
3.034,0.84,0.05,0.0,0.0
3.186,0.86,0.0,0.0,0.0
3.44,0.86,0,0.0,0.0
3.556,0.87,0.0,0.0,0.0
3.738,0.87,0.05,0.0,0.0
3.855,0.87,0,0.0,0.0
4.037,0.86,0.05,0.0,0.0
4.196,0.85,0.05,0.0,0.0
4.347,0.85,0.1,0.0,0.0
4.485,0.85,0.05,0.0,0.0
4.632,0.84,0.05,0.0,0.0
4.769,0.83,0.05,0.0,0.0
4.939,0.83,0.05,0.0,0.0
5.126,0.84,0.05,0.0,0.0
5.276,0.84,0,0.0,0.0
5.433,0.83,0.05,0.0,0.0
5.586,0.83,0.0,0.0,0.0
5.725,0.84,0.05,0.0,0.0
5.854,0.84,0.0,0.0,0.0
6.036,0.83,0.05,0.0,0.0
6.193,0.83,0.0,0.0,0.0
6.348,0.82,0.05,0.0,0.0
6.494,0.83,0.15,0.0,0.0
6.628,0.82,0.0,0.0,0.0
6.777,0.82,0.0,0.0,0.0
6.901,0.82,0,0.0,0.0
7.019,0.82,0,0.0,0.0
7.187,0.83,0.0,0.0,0.0
7.326,0.82,0.0,0.0,0.0
7.493,0.83,0.05,0.0,0.0
7.645,0.83,0.05,0.0,0.0
7.78,0.83,0.0,0.0,0.0
7.91,0.84,0.05,0.0,0.0
8.077,0.84,0.0,0.0,0.0
8.238,0.85,0.0,0.0,0.0
8.356,0.85,0,0.0,0.0
8.534,0.84,0.0,0.0,0.0
8.685,0.84,0.1,0.0,0.0
8.825,0.84,0.05,0.0,0.0
8.964,0.85,0.0,0.0,0.0
9.114,0.85,0.05,0.0,0.0
9.272,0.85,0.05,0.0,0.0
9.426,0.86,0.0,0.0,0.0
9.566,0.87,0.1,0.0,0.0
9.716,0.87,0.0,0.0,0.0
9.873,0.88,0.05,0.0,0.0
10.029,0.87,0.05,0.0,0.0
10.179,0.87,0.0,0.0,0.0
10.301,0.86,0,0.0,0.0
10.432,0.85,0,0.0,0.0
10.553,0.85,0,0.0,0.0
10.689,0.86,0,0.0,0.0
10.812,0.85,0,0.0,0.0
10.94,0.86,0,0.0,0.0
11.058,0.86,0,0.0,0.0
11.192,0.86,0,0.0,0.0
11.311,0.86,0.0,0.0,0.0
11.448,0.86,0,0.0,0.0
11.566,0.86,0.0,0.0,0.0
11.696,0.85,0.0,0.0,0.0
11.849,0.86,0.05,0.0,0.0
11.995,0.85,0.05,0.0,0.0
12.151,0.85,0.05,0.0,0.0
12.307,0.85,0.0,0.0,0.0
12.467,0.85,0.05,0.0,0.0
12.628,0.85,0.05,0.0,0.0
12.762,0.85,0.05,0.0,0.0
12.916,0.85,0.05,0.0,0.0
13.054,0.85,0.05,0.0,0.0
13.208,0.85,0.1,0.0,0.0
13.342,0.85,0.05,0.0,0.0
13.525,0.85,0.15,0.0,0.0
13.678,0.85,0.05,0.0,0.0
13.763,0.85,0.05,0.0,0.0
13.921,0.85,0.0,0.0,0.0
14.068,0.85,0.0,0.0,0.0
14.224,0.85,0.0,0.0,0.0
14.375,0.84,0.05,0.0,0.0
14.526,0.84,0.05,0.0,0.0
14.681,0.84,0.05,0.0,0.0
14.839,0.85,0.05,0.0,0.0
14.985,0.86,0.0,0.0,0.0
15.143,0.88,0.05,0.0,0.0
15.304,0.88,0.05,0.0,0.0
15.456,0.88,0.05,0.0,0.0
15.61,0.88,0.1,0.0,0.0
15.767,0.88,0.05,0.0,0.0
15.925,0.88,0.1,0.0,0.0
16.082,0.87,0.05,0.0,0.0
16.237,0.86,0.1,0.0,0.0
16.394,0.85,0.1,0.0,0.0
16.547,0.85,0,0.0,0.0
16.671,0.86,0,0.0,0.0
16.806,0.86,0.0,0.0,0.0
16.931,0.86,0,0.0,0.0
17.052,0.87,0.0,0.0,0.0
17.198,0.87,0.0,0.0,0.0
17.354,0.87,0.1,0.0,0.0
17.508,0.87,0.0,0.0,0.0
17.66,0.86,0.0,0.0,0.0
17.802,0.86,0.05,0.0,0.0
17.929,0.85,0.05,0.0,0.0
18.077,0.85,0.0,0.0,0.0
18.243,0.84,0.0,0.0,0.0
18.373,0.85,0.0,0.0,0.0
18.552,0.84,0.05,0.0,0.0
18.683,0.83,0.05,0.0,0.0
18.825,0.83,0.0,0.0,0.0
18.986,0.83,0.05,0.0,0.0
19.138,0.84,0.05,0.0,0.0
19.288,0.84,0.1,0.0,0.0
19.421,0.84,0.1,0.0,0.0
19.749,0.85,0,0.0,0.0
19.862,0.85,0,0.0,0.0
20.014,0.86,0.0,0.0,0.0
20.142,0.86,0.0,0.0,0.0
20.303,0.86,0.0,0.0,0.0
20.436,0.85,0.0,0.0,0.0
20.6,0.85,0,0.0,0.0
20.722,0.85,0.0,0.0,0.0
20.889,0.85,0.0,0.0,0.0
21.044,0.85,0.0,0.0,0.0
21.165,0.85,0,0.0,0.0
21.278,0.85,0.0,0.0,0.0
21.392,0.86,0.05,0.0,0.0
21.585,0.86,0,0.0,0.0
21.704,0.86,0.0,0.0,0.0
21.868,0.86,0.05,0.0,0.0
21.992,0.87,0.0,0.0,0.0
22.109,0.87,0,0.0,0.0
22.285,0.88,0.0,0.0,0.0
22.44,0.87,0.05,0.0,0.0
22.57,0.86,0.0,0.0,0.0
22.695,0.86,0.0,0.0,0.0
22.821,0.85,0,0.0,0.0
22.987,0.85,0,0.0,0.0
23.141,0.85,0,0.0,0.0
23.291,0.85,0.34,1.737,0.0
23.414,0.85,0.1,0.0,0.0
23.578,0.86,0.2,1.402,0.01
23.74,0.85,4.11,5.296,0.01
23.872,0.83,7.87,7.213,0.03
24.034,0.82,9.14,7.75,0.05
24.171,0.81,9.92,8.061,0.07
24.329,0.8,10.51,8.289,0.09
24.462,0.79,10.17,8.159,0.11
24.62,0.8,9.92,8.061,0.13
24.755,0.81,9.63,7.947,0.15
24.938,0.84,9.78,8.006,0.17
25.061,0.93,9.73,7.987,0.19
25.225,1.06,9.63,7.947,0.21
25.378,1.24,9.58,7.927,0.23
25.505,1.47,9.43,7.867,0.25
25.681,1.74,9.63,7.947,0.27
25.806,2.04,9.34,7.831,0.29
25.972,2.35,9.29,7.811,0.31
26.126,2.66,9.29,7.811,0.33
26.267,2.97,9.48,7.887,0.35
26.427,3.28,9.43,7.867,0.37
26.551,3.57,9.34,7.831,0.38
26.715,3.85,9.29,7.811,0.4
26.857,4.11,9.48,7.887,0.42
27.026,4.35,9.78,8.006,0.44
27.168,4.59,9.58,7.927,0.46
27.319,4.82,9.78,8.006,0.48
27.444,5.03,9.53,7.907,0.5
27.619,5.21,9.63,7.947,0.52
27.745,5.36,9.82,8.022,0.54
27.91,5.51,9.73,7.987,0.56
28.043,5.64,9.73,7.987,0.58
28.199,5.76,9.63,7.947,0.6
28.326,5.85,9.73,7.987,0.62
28.494,6.02,10.07,8.12,0.64
28.665,6.14,9.92,8.061,0.66
28.737,6.22,10.02,8.1,0.67
28.929,6.34,9.97,8.081,0.7
29.052,6.49,9.78,8.006,0.72
29.21,6.59,9.63,7.947,0.74
29.336,6.65,9.97,8.081,0.75
29.47,6.78,9.92,8.061,0.77
29.596,6.84,9.82,8.022,0.79
29.728,7.16,9.68,7.967,0.81
30.297,7.24,9.68,7.967,0.88
30.476,7.35,9.63,7.947,0.9
30.67,7.48,9.48,7.887,0.93
30.808,7.54,9.53,7.907,0.95
30.947,7.59,9.43,7.867,0.97
31.109,7.67,9.38,7.847,0.99
31.231,7.73,9.48,7.887,1.0
31.396,7.78,9.38,7.847,1.03
31.536,7.83,9.63,7.947,1.04
31.688,7.86,9.38,7.847,1.06
31.856,7.89,9.34,7.831,1.09
31.997,7.96,9.19,7.77,1.1
32.146,8.03,9.38,7.847,1.12
32.305,8.11,9.38,7.847,1.14
32.451,8.22,9.43,7.867,1.16
32.609,8.25,9.29,7.811,1.18
32.778,8.36,9.09,7.73,1.21
32.95,8.43,9.34,7.831,1.23
33.099,8.49,9.38,7.847,1.25
33.222,8.55,9.29,7.811,1.26
33.4,8.59,9.24,7.791,1.29
33.524,8.63,9.48,7.887,1.3
33.69,8.69,9.53,7.907,1.33
33.825,8.73,9.38,7.847,1.34
33.987,8.77,9.53,7.907,1.36
34.136,8.87,9.58,7.927,1.38
34.278,8.93,9.82,8.022,1.4
34.47,8.99,9.68,7.967,1.43
34.631,9.03,9.63,7.947,1.45
34.771,9.1,9.43,7.867,1.47
34.929,9.18,9.63,7.947,1.49
35.058,9.2,9.73,7.987,1.51
35.206,9.26,10.07,8.12,1.53
35.374,9.35,9.97,8.081,1.55
35.548,9.35,9.92,8.061,1.57
35.812,9.41,9.97,8.081,1.61
35.933,9.42,10.02,8.1,1.62
36.06,9.43,10.12,8.139,1.64
36.232,9.43,10.02,8.1,1.66
36.369,9.48,9.92,8.061,1.68
36.504,9.47,9.73,7.987,1.7
36.69,9.52,9.78,8.006,1.73
36.815,9.6,10.02,8.1,1.74
36.98,9.63,9.87,8.042,1.76
37.113,9.67,9.73,7.987,1.78
37.277,9.71,9.87,8.042,1.8
37.44,9.72,9.78,8.006,1.83
37.565,9.76,9.87,8.042,1.84
37.731,9.82,10.07,8.12,1.87
37.891,9.88,9.92,8.061,1.89
38.024,9.88,9.78,8.006,1.9
38.161,9.9,9.73,7.987,1.92
38.329,9.95,9.68,7.967,1.95
38.483,9.97,9.82,8.022,1.97
38.614,10.01,9.97,8.081,1.98
38.786,10.03,9.97,8.081,2.01
38.945,10.02,9.87,8.042,2.03
39.086,10.03,9.87,8.042,2.05
39.252,10.07,9.97,8.081,2.07
39.409,10.09,9.87,8.042,2.09
39.555,10.11,9.97,8.081,2.11
39.712,10.15,9.92,8.061,2.13
39.869,10.17,9.87,8.042,2.15
39.998,10.19,9.92,8.061,2.17
40.131,10.2,10.02,8.1,2.19
40.326,10.22,10.02,8.1,2.21
40.469,10.25,10.02,8.1,2.23
40.619,10.3,10.02,8.1,2.25
40.747,10.33,10.02,8.1,2.27
40.908,10.33,10.12,8.139,2.29
41.1,10.34,10.02,8.1,2.32
41.259,10.36,9.92,8.061,2.34
41.389,10.44,9.87,8.042,2.36
41.545,10.5,9.82,8.022,2.38
41.711,10.49,9.92,8.061,2.4
41.84,10.5,9.87,8.042,2.42
42.0,10.54,9.78,8.006,2.44
42.155,10.57,9.82,8.022,2.46
42.286,10.57,9.78,8.006,2.48
42.466,10.61,9.97,8.081,2.5
42.64,10.63,10.12,8.139,2.52
42.774,10.66,9.87,8.042,2.54
42.936,10.68,9.92,8.061,2.56
43.096,10.71,9.87,8.042,2.59
43.22,10.72,9.78,8.006,2.6
43.373,10.72,9.87,8.042,2.62
43.498,10.72,9.53,7.907,2.64
43.614,10.73,9.53,7.907,2.65
43.787,10.8,9.92,8.061,2.68
43.911,10.8,9.82,8.022,2.69
44.068,10.83,10.02,8.1,2.72
44.213,10.87,9.82,8.022,2.73
44.403,10.88,9.78,8.006,2.76
44.516,10.91,9.92,8.061,2.78
44.697,10.92,10.17,8.159,2.8
44.823,10.98,9.92,8.061,2.82
44.983,10.96,9.78,8.006,2.84
45.115,10.95,9.68,7.967,2.86
45.298,10.98,9.78,8.006,2.88
45.421,11.0,9.78,8.006,2.9
45.586,11.08,10.12,8.139,2.92
45.746,11.17,9.92,8.061,2.94
45.888,11.19,9.73,7.987,2.96
46.029,11.27,10.02,8.1,2.98
46.187,11.28,9.82,8.022,3.0
46.326,11.25,9.87,8.042,3.02
46.469,11.24,10.02,8.1,3.04
46.604,11.21,9.87,8.042,3.06
46.797,11.18,9.97,8.081,3.08
46.919,11.27,9.97,8.081,3.1
47.081,11.29,9.92,8.061,3.12
47.206,11.32,9.92,8.061,3.14
47.335,11.36,9.73,7.987,3.15
47.527,11.36,9.73,7.987,3.18
47.68,11.38,9.68,7.967,3.2
47.824,11.39,9.73,7.987,3.22
47.989,11.39,9.92,8.061,3.24
48.15,11.46,9.92,8.061,3.26
48.283,11.49,9.78,8.006,3.28
48.414,11.51,4.55,5.556,3.3
48.597,11.49,0.05,0.0,3.3
48.717,11.52,0.0,0.0,3.3
48.886,11.46,0.1,0.0,3.3
49.025,10.97,0.0,0.0,3.3
49.172,9.73,0.1,0.0,3.3
49.301,8.92,0.05,0.0,3.3
49.417,7.88,0,0.0,3.3
49.596,7.07,0.05,0.0,3.3
49.756,6.46,0.05,0.0,3.3
49.908,5.99,0.1,0.0,3.3
50.035,5.62,0.05,0.0,3.3
50.214,5.34,0.05,0.0,3.3
50.35,5.12,0,0.0,3.3
50.505,4.94,0.0,0.0,3.3
50.65,4.79,0.05,0.0,3.3
50.785,4.65,0.0,0.0,3.3
50.95,4.53,0.0,0.0,3.3
51.098,4.42,0.05,0.0,3.3
51.221,4.33,0.0,0.0,3.3
51.399,4.22,0.05,0.0,3.3
51.521,4.14,0.0,0.0,3.3
51.69,4.05,0.05,0.0,3.3
51.819,3.97,0.05,0.0,3.3
51.983,3.9,0.1,0.0,3.3
52.119,3.82,0.05,0.0,3.3
52.436,3.66,0.0,0.0,3.3
52.59,3.58,0.05,0.0,3.3
52.747,3.5,0.05,0.0,3.3
52.897,3.45,0.05,0.0,3.3
53.049,3.4,0.05,0.0,3.3
53.184,3.32,0.05,0.0,3.3
53.316,3.25,0.05,0.0,3.3
53.498,3.18,0.0,0.0,0
53.619,3.12,0,0.0,0
53.794,3.05,0.05,0.0,0
53.951,2.98,0.15,0.0,0
54.104,2.93,0.0,0.0,0
54.234,2.89,0.05,0.0,0
54.401,2.83,0.05,0.0,0
54.525,2.79,0.05,0.0,0
54.696,2.75,0,0.0,0
54.848,2.7,0.0,0.0,0
55.015,2.64,0.1,0.0,0
55.198,2.6,0.0,0.0,0
55.32,2.55,0,0.0,0
55.487,2.52,0.05,0.0,0
55.634,2.47,0.05,0.0,0
55.799,2.44,0.1,0.0,0
55.921,2.41,0,0.0,0
56.104,2.37,0.05,0.0,0
56.26,2.33,0.05,0.0,0
56.412,2.29,0.05,0.0,0
56.542,2.25,0.0,0.0,0
56.7,2.22,0.05,0.0,0
56.856,2.19,0.05,0.0,0
56.999,2.16,0.05,0.0,0
57.187,2.12,0.1,0.0,0
57.313,2.09,0.0,0.0,0
57.439,2.06,0.05,0.0,0
57.566,2.06,0.0,0.0,0
57.721,2.04,0.05,0.0,0
57.843,2.02,0.0,0.0,0
58.024,1.99,0,0.0,0
58.179,1.96,0.05,0.0,0
58.302,1.95,0,0.0,0
58.439,1.94,0.0,0.0,0
58.555,1.92,0.0,0.0,0
58.746,1.89,0.0,0.0,0
58.901,1.87,0.05,0.0,0
59.024,1.85,0,0.0,0
59.157,1.84,0,0.0,0
59.316,1.82,0.0,0.0,0
59.472,1.8,0.05,0.0,0
59.589,1.78,0.0,0.0,0
59.662,1.78,0.1,0.0,0
59.807,1.76,0.05,0.0,0
59.966,1.75,0.0,0.0,0
60.12,1.73,0.05,0.0,0
60.243,1.72,0.0,0.0,0
60.377,1.66,0.0,0.0,0
60.918,1.64,0.0,0.0,0
61.035,1.62,0,0.0,0
61.205,1.61,0.05,0.0,0
61.36,1.6,0.05,0.0,0
61.508,1.59,0.0,0.0,0
61.667,1.57,0.0,0.0,0
61.825,1.56,0,0.0,0
61.952,1.55,0.05,0.0,0
62.097,1.54,0.05,0.0,0
62.272,1.53,0.0,0.0,0
62.393,1.51,0.0,0.0,0
62.536,1.5,0.05,0.0,0
62.717,1.5,0.05,0.0,0
62.873,1.5,0.0,0.0,0
63.024,1.49,0.05,0.0,0
63.159,1.47,0.05,0.0,0
63.283,1.47,0.0,0.0,0
63.405,1.45,0.05,0.0,0
63.585,1.43,0.05,0.0,0
63.726,1.43,0.0,0.0,0
63.861,1.43,0.1,0.0,0
63.986,1.42,0,0.0,0
64.101,1.41,0,0.0,0
64.267,1.4,0.0,0.0,0
64.426,1.4,0.05,0.0,0
64.577,1.39,0.1,0.0,0
64.731,1.38,0,0.0,0
64.853,1.37,0,0.0,0
65.04,1.36,0,0.0,0
65.172,1.33,0,0.0,0
65.329,1.26,0.15,0.0,0
65.478,1.2,0.05,0.0,0
65.649,1.16,0.24,1.507,0.0
65.842,1.19,3.42,4.857,0.01
66.04,1.26,8.11,7.318,0.03
66.166,1.34,8.9,7.652,0.05
66.328,1.42,9.34,7.831,0.07
66.461,1.62,9.29,7.811,0.09
66.625,1.85,9.29,7.811,0.11
66.78,2.0,9.38,7.847,0.13
66.901,2.05,9.53,7.907,0.14
67.075,2.07,10.02,8.1,0.17
67.23,2.11,9.97,8.081,0.19
67.363,2.24,9.92,8.061,0.21
67.498,2.43,9.48,7.887,0.22
67.665,2.66,9.82,8.022,0.25
67.833,2.92,9.58,7.927,0.27
67.988,3.18,9.43,7.867,0.29
68.127,3.45,9.38,7.847,0.31
68.36,3.9,9.34,7.831,0.34
68.519,4.16,9.29,7.811,0.36
68.679,4.37,9.38,7.847,0.38
68.801,4.6,9.43,7.867,0.39
68.97,4.8,9.24,7.791,0.42
69.102,4.99,9.53,7.907,0.43
69.267,5.17,9.68,7.967,0.46
69.43,5.32,9.68,7.967,0.48
69.564,5.49,9.68,7.967,0.5
69.73,5.65,9.43,7.867,0.52
69.859,5.8,9.43,7.867,0.53
70.027,5.94,9.29,7.811,0.56
70.153,6.09,9.43,7.867,0.57
70.286,6.2,9.43,7.867,0.59
70.412,6.35,9.73,7.987,0.61
70.544,6.43,9.58,7.927,0.62
70.669,6.57,9.38,7.847,0.64
70.801,6.66,9.29,7.811,0.66
70.926,6.77,9.34,7.831,0.67
71.058,6.82,9.68,7.967,0.69
71.185,6.95,9.92,8.061,0.71
71.322,7.07,9.97,8.081,0.73
71.457,7.14,9.92,8.061,0.75
71.571,7.27,9.82,8.022,0.76
71.75,7.35,9.78,8.006,0.78
71.874,7.41,9.92,8.061,0.8
72.053,7.53,9.92,8.061,0.83
72.185,7.65,9.92,8.061,0.84
72.353,7.75,9.58,7.927,0.87
72.487,7.85,9.63,7.947,0.88
72.654,7.9,9.68,7.967,0.91
72.815,7.99,9.87,8.042,0.93
72.956,8.11,9.97,8.081,0.95
73.114,8.18,9.73,7.987,0.97
73.25,8.27,9.68,7.967,0.98
73.375,8.35,9.87,8.042,1.0
73.502,8.42,10.07,8.12,1.02
73.67,8.51,9.92,8.061,1.04
73.793,8.57,9.78,8.006,1.06
73.959,8.69,9.63,7.947,1.08
74.092,8.74,9.53,7.907,1.1
74.256,8.76,9.63,7.947,1.12
74.419,8.79,9.58,7.927,1.14
74.54,8.89,9.24,7.791,1.16
74.701,8.94,9.14,7.75,1.18
74.821,8.96,9.34,7.831,1.19
74.874,8.99,9.34,7.831,1.2
75.029,9.03,9.68,7.967,1.22
75.178,9.09,9.87,8.042,1.24
75.3,9.14,9.78,8.006,1.26
75.472,9.2,9.87,8.042,1.28
75.628,9.25,10.02,8.1,1.3
75.79,9.34,10.02,8.1,1.32
75.915,9.37,10.17,8.159,1.34
76.081,9.4,10.02,8.1,1.36
76.23,9.46,10.31,8.212,1.38
76.353,9.53,10.26,8.193,1.4
76.49,9.54,10.12,8.139,1.42
76.619,9.61,10.12,8.139,1.43
76.754,9.63,9.82,8.022,1.45
76.947,9.66,9.78,8.006,1.48
77.087,9.73,9.92,8.061,1.5
77.229,9.74,10.17,8.159,1.52
77.385,9.79,10.07,8.12,1.54
77.525,9.81,9.97,8.081,1.56
77.682,9.86,9.87,8.042,1.58
77.814,9.87,10.07,8.12,1.6
78.001,9.92,10.36,8.232,1.62
78.198,9.98,10.22,8.178,1.65
78.398,10.01,9.97,8.081,1.68
78.577,10.01,10.07,8.12,1.7
78.698,10.08,10.12,8.139,1.72
78.865,10.16,10.12,8.139,1.74
78.999,10.2,9.92,8.061,1.76
79.165,10.28,9.87,8.042,1.78
79.304,10.31,9.78,8.006,1.8
79.447,10.32,9.68,7.967,1.82
79.61,10.33,9.73,7.987,1.84
79.75,10.37,9.82,8.022,1.86
79.909,10.43,9.78,8.006,1.88
80.057,10.49,9.92,8.061,1.9
80.18,10.51,9.68,7.967,1.91
80.357,10.58,9.78,8.006,1.94
80.52,10.66,9.92,8.061,1.96
80.646,10.72,10.02,8.1,1.98
80.814,10.78,9.87,8.042,2.0
80.97,10.86,9.92,8.061,2.02
81.111,10.88,9.92,8.061,2.04
81.26,10.89,9.73,7.987,2.06
81.389,10.9,9.87,8.042,2.08
81.579,10.98,9.58,7.927,2.1
81.701,11.02,9.78,8.006,2.12
81.865,11.08,9.73,7.987,2.14
82.02,11.08,9.78,8.006,2.16
82.154,11.08,9.63,7.947,2.18
82.347,11.12,9.92,8.061,2.2
82.514,11.12,9.82,8.022,2.23
82.651,11.19,9.87,8.042,2.24
82.812,11.22,9.73,7.987,2.27
82.954,11.24,9.73,7.987,2.28
83.11,11.29,9.78,8.006,2.31
83.247,11.36,9.97,8.081,2.32
83.41,11.43,10.12,8.139,2.35
83.552,11.48,10.02,8.1,2.37
83.712,11.5,9.87,8.042,2.39
83.868,11.52,9.87,8.042,2.41
84.036,11.55,9.87,8.042,2.43
84.222,11.54,10.07,8.12,2.46
84.346,11.54,10.17,8.159,2.47
84.522,11.52,9.97,8.081,2.5
84.818,11.51,10.02,8.1,2.54
84.932,11.5,10.22,8.178,2.55
85.079,11.54,10.07,8.12,2.57
85.199,11.55,9.92,8.061,2.59
85.37,11.64,9.63,7.947,2.61
85.531,11.67,9.78,8.006,2.63
85.692,11.64,9.82,8.022,2.65
85.849,11.7,9.78,8.006,2.67
85.99,11.74,9.78,8.006,2.69
86.153,11.77,9.78,8.006,2.71
86.312,11.83,9.73,7.987,2.74
86.467,11.85,9.73,7.987,2.76
86.607,11.85,9.63,7.947,2.78
86.75,11.85,9.63,7.947,2.79
86.888,11.86,9.48,7.887,2.81
87.068,11.86,9.53,7.907,2.84
87.211,11.92,9.48,7.887,2.85
87.348,11.92,9.58,7.927,2.87
87.506,11.98,9.78,8.006,2.89
87.65,11.98,9.92,8.061,2.91
87.791,11.97,10.02,8.1,2.93
87.953,11.97,10.22,8.178,2.95
88.105,12.06,9.97,8.081,2.97
88.257,12.1,9.92,8.061,3.0
88.38,12.15,9.82,8.022,3.01
88.541,12.16,9.92,8.061,3.03
88.667,12.12,9.82,8.022,3.05
88.793,12.15,9.73,7.987,3.07
88.978,12.13,9.68,7.967,3.09
89.097,12.13,9.73,7.987,3.11
89.279,12.12,10.02,8.1,3.13
89.401,12.1,9.92,8.061,3.15
89.56,12.1,9.63,7.947,3.17
89.685,12.07,7.92,7.235,3.19
89.814,12.16,0.1,0.0,3.19
90.005,12.24,0.05,0.0,3.19
90.147,12.29,0.1,0.0,3.19
90.231,12.27,0.05,0.0,3.19
90.369,11.66,0.1,0.0,3.19
90.534,10.3,0.05,0.0,3.19
90.693,6.5,0.0,0.0,3.19
91.344,5.96,0.05,0.0,3.19
91.519,5.66,0.05,0.0,3.19
91.641,5.4,0.0,0.0,3.19
91.82,5.18,0.1,0.0,3.19
91.952,5.02,0.0,0.0,3.19
92.108,4.9,0.1,0.0,3.19
92.248,4.76,0.1,0.0,3.19
92.42,4.65,0.0,0.0,3.19
92.543,4.57,0.1,0.0,3.19
92.711,4.47,0.05,0.0,3.19
92.865,4.37,0.05,0.0,3.19
93.006,4.28,0.05,0.0,3.19
93.15,4.19,0.0,0.0,3.19
93.282,4.09,0.0,0.0,3.19
93.455,4.0,0.05,0.0,3.19
93.611,3.92,0.05,0.0,3.19
93.766,3.82,0.1,0.0,3.19
93.904,3.77,0.0,0.0,3.19
94.053,3.71,0.05,0.0,3.19
94.188,3.68,0.0,0.0,3.19
94.323,3.65,0.05,0.0,3.19
94.445,3.59,0.05,0.0,3.19
94.617,3.52,0.05,0.0,3.19
94.741,3.44,0.0,0.0,0
94.905,3.39,0.05,0.0,0
95.055,3.31,0.0,0.0,0
95.21,3.23,0.05,0.0,0
95.359,3.18,0.05,0.0,0
95.482,3.11,0.05,0.0,0
95.648,3.05,0.05,0.0,0
95.802,2.98,0.05,0.0,0
95.932,2.92,0.05,0.0,0
96.132,2.86,0.1,0.0,0
96.298,2.81,0.0,0.0,0
96.419,2.75,0.0,0.0,0
96.59,2.7,0.0,0.0,0
96.741,2.65,0.1,0.0,0
96.864,2.59,0.05,0.0,0
97.067,2.52,0.05,0.0,0
97.235,2.47,0.0,0.0,0
97.361,2.42,0.05,0.0,0
97.526,2.37,0.05,0.0,0
97.67,2.34,0.05,0.0,0
97.829,2.29,0.0,0.0,0
97.977,2.26,0.1,0.0,0
98.099,2.22,0.0,0.0,0
98.267,2.19,0.1,0.0,0
98.408,2.16,0.1,0.0,0
98.562,2.12,0.1,0.0,0
98.686,2.1,0.0,0.0,0
98.814,2.07,0.05,0.0,0
99.003,2.04,0.05,0.0,0
99.195,2.0,0.05,0.0,0
99.387,1.98,0.0,0.0,0
99.551,1.94,0.05,0.0,0
99.748,1.91,0.05,0.0,0
99.866,1.9,0.0,0.0,0
100.039,1.88,0.05,0.0,0
100.189,1.86,0.05,0.0,0
100.314,1.85,0.05,0.0,0
100.49,1.83,0.1,0.0,0
100.613,1.81,0.0,0.0,0
100.785,1.79,0.1,0.0,0
101.044,1.76,0,0.0,0
101.2,1.74,0.0,0.0,0
101.357,1.73,0.05,0.0,0
101.52,1.7,0.05,0.0,0
101.668,1.69,0.05,0.0,0
101.786,1.67,0.0,0.0,0
101.965,1.66,0.05,0.0,0
102.12,1.64,0.05,0.0,0
102.275,1.63,0.0,0.0,0
102.415,1.62,0.05,0.0,0
102.558,1.6,0.05,0.0,0
102.7,1.59,0.05,0.0,0
102.841,1.58,0.05,0.0,0
103.024,1.57,0.1,0.0,0
103.176,1.57,0.1,0.0,0
103.311,1.57,0.0,0.0,0
103.435,1.56,0.0,0.0,0
103.556,1.55,0,0.0,0
103.745,1.54,0.05,0.0,0
103.899,1.52,0.1,0.0,0
104.048,1.51,0.05,0.0,0
104.167,1.5,0.05,0.0,0
104.336,1.49,0.1,0.0,0
104.503,1.47,0.0,0.0,0
104.659,1.47,0,0.0,0
104.806,1.47,0,0.0,0
104.96,1.49,0,0.0,0
105.111,1.5,0,0.0,0
105.234,1.46,0,0.0,0
105.397,1.41,0,0.0,0
105.539,1.38,0,0.0,0
105.693,1.36,0,0.0,0
105.827,1.3,0.0,0.0,0
105.986,1.24,0.24,1.507,0.0
106.045,1.22,0.98,2.739,0.0
106.2,1.17,2.35,4.078,0.01
106.349,1.13,7.72,7.147,0.03
106.471,1.15,7.48,7.04,0.04
106.618,1.19,8.55,7.506,0.06
106.783,1.28,9.14,7.75,0.08
106.922,1.45,9.38,7.847,0.1
107.097,1.62,9.73,7.987,0.12
107.272,1.75,9.97,8.081,0.14
107.426,1.74,9.78,8.006,0.17
107.591,1.73,10.07,8.12,0.19
107.76,1.78,9.78,8.006,0.21
107.948,1.88,9.92,8.061,0.24
108.1,2.05,9.73,7.987,0.26
108.256,2.25,9.58,7.927,0.28
108.399,2.5,9.58,7.927,0.3
108.525,2.8,9.58,7.927,0.31
108.701,3.08,9.87,8.042,0.34
108.828,3.38,9.82,8.022,0.35
108.999,3.68,9.43,7.867,0.37
109.131,3.98,9.43,7.867,0.39
109.296,4.24,9.78,8.006,0.41
109.466,4.61,9.73,7.987,0.44
109.656,4.84,9.63,7.947,0.46
109.823,5.16,9.58,7.927,0.48
110.004,5.39,9.73,7.987,0.51
110.16,5.56,9.97,8.081,0.53
110.285,5.76,9.68,7.967,0.55
110.471,6.0,9.73,7.987,0.57
110.637,6.19,9.63,7.947,0.59
110.767,6.32,9.58,7.927,0.61
110.917,6.45,9.53,7.907,0.63
111.062,6.61,9.58,7.927,0.65
111.212,6.75,9.58,7.927,0.67
111.359,6.86,9.38,7.847,0.69
111.531,7.02,9.68,7.967,0.71
111.744,7.17,9.73,7.987,0.74
111.886,7.25,9.73,7.987,0.76
112.055,7.35,9.63,7.947,0.78
112.196,7.45,9.73,7.987,0.8
112.34,7.55,9.73,7.987,0.82
112.503,7.63,9.73,7.987,0.84
112.664,7.72,9.73,7.987,0.86
112.819,7.78,9.58,7.927,0.88
112.967,7.85,9.63,7.947,0.9
113.087,7.92,9.58,7.927,0.92
113.269,7.97,9.43,7.867,0.94
113.423,8.04,9.34,7.831,0.96
113.584,8.13,9.53,7.907,0.98
113.745,8.16,9.63,7.947,1.0
113.902,8.25,9.38,7.847,1.02
114.024,8.36,9.29,7.811,1.04
114.167,8.46,9.29,7.811,1.06
114.335,8.5,9.68,7.967,1.08
114.507,8.55,9.78,8.006,1.1
114.671,8.59,9.43,7.867,1.13
114.836,8.66,9.48,7.887,1.15
114.995,8.71,9.68,7.967,1.17
115.136,8.76,9.78,8.006,1.19
115.261,8.81,9.78,8.006,1.2
115.409,8.9,9.63,7.947,1.22
115.528,8.93,9.43,7.867,1.24
115.701,8.97,9.43,7.867,1.26
115.858,9.0,9.63,7.947,1.28
116.009,9.05,9.68,7.967,1.3
116.161,9.09,9.82,8.022,1.32
116.285,9.18,9.68,7.967,1.34
116.417,9.2,9.68,7.967,1.36
116.535,9.23,9.73,7.987,1.37
116.732,9.31,10.02,8.1,1.4
116.936,9.4,9.97,8.081,1.43
117.068,9.39,9.78,8.006,1.44
117.184,9.43,10.02,8.1,1.46
117.353,9.44,10.12,8.139,1.48
117.49,9.47,10.26,8.193,1.5
117.652,9.5,10.26,8.193,1.52
117.966,9.59,10.07,8.12,1.57
118.124,9.6,10.12,8.139,1.59
118.246,9.68,10.17,8.159,1.6
118.427,9.73,10.07,8.12,1.63
118.561,9.81,9.87,8.042,1.65
118.726,9.82,9.78,8.006,1.67
118.861,9.85,9.78,8.006,1.69
119.025,9.91,9.92,8.061,1.71
119.192,9.97,9.82,8.022,1.73
119.381,10.0,9.82,8.022,1.76
119.544,10.08,9.73,7.987,1.78
119.744,10.11,9.73,7.987,1.8
119.942,10.16,9.73,7.987,1.83
120.143,10.22,9.82,8.022,1.86
120.344,10.29,10.02,8.1,1.88
120.51,10.3,10.02,8.1,1.91
120.673,10.29,10.12,8.139,1.93
120.839,10.31,10.22,8.178,1.95
121.03,10.38,10.17,8.159,1.98
121.173,10.43,10.26,8.193,2.0
121.309,10.42,9.82,8.022,2.02
121.47,10.47,9.92,8.061,2.04
121.595,10.57,10.07,8.12,2.05
121.79,10.59,10.31,8.212,2.08
121.968,10.66,10.22,8.178,2.1
122.024,10.7,10.26,8.193,2.11
122.181,10.87,10.12,8.139,2.13
122.724,10.88,10.31,8.212,2.21
122.876,10.94,10.12,8.139,2.23
123.019,11.0,10.12,8.139,2.25
123.169,11.0,10.12,8.139,2.27
123.288,11.04,10.12,8.139,2.28
123.473,11.1,10.12,8.139,2.31
123.613,11.13,10.36,8.232,2.33
123.737,11.17,10.26,8.193,2.35
123.91,11.14,10.07,8.12,2.37
124.044,11.14,10.17,8.159,2.39
124.23,11.15,9.92,8.061,2.41
124.428,11.22,9.97,8.081,2.44
124.639,11.25,9.87,8.042,2.47
124.813,11.27,10.07,8.12,2.49
124.944,11.24,9.97,8.081,2.51
125.112,11.22,9.82,8.022,2.53
125.236,11.29,9.97,8.081,2.55
125.406,11.31,10.02,8.1,2.57
125.531,11.36,9.87,8.042,2.59
125.694,11.39,10.07,8.12,2.61
125.843,11.35,9.68,7.967,2.63
125.997,11.38,10.02,8.1,2.65
126.136,11.41,9.97,8.081,2.67
126.292,11.46,10.22,8.178,2.69
126.438,11.49,10.02,8.1,2.71
126.6,11.53,10.26,8.193,2.73
126.733,11.55,10.31,8.212,2.75
126.865,11.55,10.26,8.193,2.77
127.056,11.58,10.36,8.232,2.79
127.196,11.6,10.02,8.1,2.81
127.335,11.59,9.97,8.081,2.83
127.487,11.59,9.78,8.006,2.85
127.61,11.59,9.68,7.967,2.87
127.727,11.65,9.63,7.947,2.88
127.895,11.68,9.78,8.006,2.91
128.047,11.71,9.78,8.006,2.93
128.21,11.69,9.87,8.042,2.95
128.341,11.74,9.78,8.006,2.97
128.499,11.75,10.07,8.12,2.99
128.653,11.78,10.02,8.1,3.01
128.787,11.81,10.22,8.178,3.03
128.911,11.81,10.12,8.139,3.04
129.027,11.81,10.17,8.159,3.06
129.207,11.83,10.12,8.139,3.08
129.327,11.84,10.31,8.212,3.1
129.495,11.89,10.26,8.193,3.12
129.65,11.83,10.26,8.193,3.14
129.796,11.84,10.17,8.159,3.16
129.921,11.86,10.41,8.251,3.18
130.061,11.89,10.17,8.159,3.2
130.185,11.9,10.02,8.1,3.22
130.321,11.93,9.87,8.042,3.24
130.445,11.99,9.63,7.947,3.25
130.578,12.02,9.63,7.947,3.27
130.702,12.02,9.78,8.006,3.29
130.834,12.06,9.63,7.947,3.3
130.957,12.09,9.73,7.987,3.32
131.106,12.09,9.97,8.081,3.34
131.232,12.09,7.28,6.949,3.36
131.348,12.14,0,0.0,3.36
131.525,12.22,0.0,0.0,3.36
131.681,12.33,0.05,0.0,3.36
131.84,12.11,0.0,0.0,3.36
131.989,10.96,0.05,0.0,3.36
132.11,9.62,0.0,0.0,3.36
132.275,8.49,0.05,0.0,3.36
132.416,7.56,0.1,0.0,3.36
132.575,6.85,0.05,0.0,3.36
132.724,6.35,0.05,0.0,3.36
132.873,5.94,0.1,0.0,3.36
132.999,5.64,0.05,0.0,3.36
133.168,5.39,0.1,0.0,3.36
133.288,5.26,0,0.0,3.36
133.402,5.08,0.0,0.0,3.36
133.591,4.93,0.05,0.0,3.36
133.716,4.82,0.0,0.0,3.36
133.882,4.71,0.05,0.0,3.36
134.04,4.61,0.1,0.0,3.36
134.286,4.43,0.05,0.0,3.36
134.447,4.32,0.1,0.0,3.36
134.589,4.23,0.05,0.0,3.36
134.738,4.15,0.05,0.0,3.36
134.858,4.05,0.0,0.0,3.36
135.038,3.97,0.0,0.0,3.36
135.156,3.87,0.0,0.0,3.36
135.336,3.81,0.1,0.0,3.36
135.491,3.71,0.05,0.0,3.36
135.649,3.64,0.05,0.0,3.36
135.813,3.54,0.1,0.0,3.36
135.987,3.47,0.1,0.0,3.36
136.127,3.42,0.05,0.0,3.36
136.25,3.39,0,0.0,0
136.371,3.34,0,0.0,0
136.512,3.28,0,0.0,0
136.647,3.24,0.05,0.0,0
136.761,3.18,0.0,0.0,0
136.955,3.12,0.05,0.0,0
137.113,3.07,0.05,0.0,0
137.269,3.02,0.05,0.0,0
137.335,2.99,0.05,0.0,0
137.509,2.95,0.05,0.0,0
137.655,2.9,0.05,0.0,0
137.814,2.86,0.05,0.0,0
137.968,2.81,0.1,0.0,0
138.121,2.74,0.0,0.0,0
138.244,2.68,0.0,0.0,0
138.409,2.63,0.05,0.0,0
138.557,2.57,0.1,0.0,0
138.722,2.52,0.05,0.0,0
138.852,2.47,0.05,0.0,0
139.019,2.43,0.05,0.0,0
139.143,2.38,0.0,0.0,0
139.296,2.35,0.05,0.0,0
139.424,2.32,0,0.0,0
139.544,2.29,0.05,0.0,0
139.722,2.28,0.0,0.0,0
139.844,2.27,0.05,0.0,0
140.011,2.28,0.0,0.0,0
140.172,2.27,0.1,0.0,0
140.329,2.27,0.1,0.0,0
140.456,2.26,0.05,0.0,0
140.634,2.24,0.05,0.0,0
140.764,2.22,0.05,0.0,0
140.905,2.2,0.1,0.0,0
141.074,2.16,0.05,0.0,0
141.209,2.12,0.0,0.0,0
141.368,2.07,0.0,0.0,0
141.523,2.03,0.05,0.0,0
141.658,1.99,0.05,0.0,0
141.779,1.96,0,0.0,0
141.892,1.94,0.0,0.0,0
142.045,1.91,0.05,0.0,0
142.184,1.88,0.05,0.0,0
142.313,1.85,0.05,0.0,0
142.494,1.83,0.0,0.0,0
142.65,1.8,0.0,0.0,0
142.8,1.79,0.1,0.0,0
142.923,1.77,0.0,0.0,0
143.09,1.75,0.0,0.0,0
143.217,1.75,0.05,0.0,0
143.379,1.74,0.1,0.0,0
143.512,1.74,0.05,0.0,0
143.699,1.75,0.05,0.0,0
143.82,1.75,0,0.0,0
143.983,1.74,0.1,0.0,0
144.113,1.72,0.0,0.0,0
144.296,1.71,0.1,0.0,0
144.451,1.69,0.0,0.0,0
144.613,1.67,0.05,0.0,0
144.768,1.64,0.05,0.0,0
144.907,1.63,0.05,0.0,0
145.046,1.62,0.1,0.0,0
145.188,1.59,0.1,0.0,0
145.323,1.58,0.05,0.0,0
145.443,1.56,0.05,0.0,0
145.617,1.54,0.05,0.0,0
145.738,1.53,0.0,0.0,0
145.909,1.52,0.05,0.0,0
146.062,1.51,0.1,0.0,0
146.184,1.49,0.05,0.0,0
146.386,1.47,0.1,0.0,0
146.556,1.47,0.05,0.0,0
146.678,1.47,0,0.0,0
146.849,1.47,0.05,0.0,0
146.999,1.47,0.1,0.0,0
147.123,1.45,0,0.0,0
147.3,1.44,0,0.0,0
147.426,1.41,0,0.0,0
147.589,1.36,0,0.0,0
147.737,1.3,0.88,2.612,0.0
147.859,1.26,1.56,3.378,0.01
148.054,1.23,6.11,6.391,0.03
148.191,1.26,7.72,7.147,0.04
148.344,1.33,9.09,7.73,0.06
148.479,1.46,9.68,7.967,0.08
148.619,1.71,9.68,7.967,0.1
148.789,1.96,9.73,7.987,0.12
148.945,2.1,9.78,8.006,0.14
149.1,2.14,10.22,8.178,0.16
149.225,2.18,9.82,8.022,0.18
149.388,2.26,9.82,8.022,0.2
149.543,2.39,9.92,8.061,0.22
149.676,2.56,9.78,8.006,0.24
149.842,2.78,9.87,8.042,0.26
149.966,3.02,9.78,8.006,0.28
150.136,3.28,9.73,7.987,0.3
150.293,3.55,9.82,8.022,0.32
150.449,3.81,9.78,8.006,0.34
150.767,4.37,9.53,7.907,0.38
150.962,4.69,9.92,8.061,0.41
151.166,4.98,9.58,7.927,0.44
151.313,5.17,9.68,7.967,0.46
151.501,5.42,9.73,7.987,0.48
151.697,5.6,9.63,7.947,0.51
151.819,5.79,9.73,7.987,0.52
151.977,5.94,9.92,8.061,0.54
152.101,6.02,10.02,8.1,0.56
152.217,6.18,9.87,8.042,0.58
152.389,6.32,10.12,8.139,0.6
152.519,6.76,9.63,7.947,0.62
152.999,6.79,9.48,7.887,0.68
153.116,6.91,9.34,7.831,0.7
153.297,7.02,9.38,7.847,0.72
153.418,7.12,9.29,7.811,0.73
153.586,7.22,9.38,7.847,0.76
153.728,7.33,9.24,7.791,0.78
153.869,7.43,9.48,7.887,0.79
154.042,7.5,9.43,7.867,0.82
154.166,7.59,9.24,7.791,0.83
154.336,7.65,9.53,7.907,0.85
154.492,7.75,9.78,8.006,0.88
154.648,7.83,9.43,7.867,0.9
154.8,7.95,9.53,7.907,0.92
154.921,8.06,9.34,7.831,0.93
155.086,8.16,9.48,7.887,0.95
155.226,8.22,9.48,7.887,0.97
155.376,8.27,9.82,8.022,0.99
155.501,8.31,9.58,7.927,1.01
155.62,8.34,9.38,7.847,1.02
155.79,8.42,9.58,7.927,1.05
155.95,8.48,9.92,8.061,1.07
156.11,8.57,9.92,8.061,1.09
156.27,8.6,9.73,7.987,1.11
156.403,8.65,9.78,8.006,1.13
156.53,8.68,9.53,7.907,1.15
156.709,8.75,9.58,7.927,1.17
156.861,8.78,9.58,7.927,1.19
156.986,8.79,9.58,7.927,1.21
157.157,8.82,9.68,7.967,1.23
157.28,8.87,9.63,7.947,1.24
157.445,8.94,9.53,7.907,1.27
157.597,8.97,9.73,7.987,1.29
157.766,9.03,9.92,8.061,1.31
157.906,9.07,9.87,8.042,1.33
158.045,9.08,9.87,8.042,1.35
158.2,9.13,9.68,7.967,1.37
158.325,9.23,9.68,7.967,1.38
158.517,9.27,9.82,8.022,1.41
158.681,9.3,9.82,8.022,1.43
158.878,9.29,10.07,8.12,1.46
158.998,9.37,9.82,8.022,1.47
159.167,9.37,10.02,8.1,1.5
159.312,9.44,10.07,8.12,1.52
159.444,9.51,10.07,8.12,1.53
159.601,9.51,9.87,8.042,1.56
159.741,9.54,10.02,8.1,1.57
159.91,9.57,9.82,8.022,1.6
160.043,9.55,9.87,8.042,1.61
160.196,9.55,9.87,8.042,1.63
160.387,9.61,9.78,8.006,1.66
160.532,9.64,9.82,8.022,1.68
160.722,9.61,9.68,7.967,1.71
160.925,9.67,9.97,8.081,1.73
161.118,9.78,10.22,8.178,1.76
161.303,9.86,10.02,8.1,1.78
161.434,9.91,9.87,8.042,1.8
161.601,9.9,9.82,8.022,1.82
161.741,9.91,9.87,8.042,1.84
161.865,9.94,9.82,8.022,1.86
161.993,9.94,9.92,8.061,1.88
162.127,10.0,9.87,8.042,1.89
162.26,10.0,9.87,8.042,1.91
162.39,10.03,9.78,8.006,1.93
162.579,10.08,9.92,8.061,1.95
162.702,10.14,10.12,8.139,1.97
162.86,10.2,9.97,8.081,1.99
162.985,10.24,10.02,8.1,2.01
163.107,10.26,9.73,7.987,2.03
163.282,10.28,9.87,8.042,2.05
163.414,10.32,9.73,7.987,2.07
163.581,10.37,9.87,8.042,2.09
163.707,10.41,9.73,7.987,2.11
163.879,10.49,9.87,8.042,2.13
164.006,10.53,9.92,8.061,2.15
164.167,10.55,9.78,8.006,2.17
164.317,10.53,9.92,8.061,2.19
164.481,10.56,9.92,8.061,2.21
164.605,10.6,9.87,8.042,2.23
164.771,10.64,9.82,8.022,2.25
164.902,10.64,9.87,8.042,2.27
165.066,10.7,9.92,8.061,2.29
165.206,10.7,9.92,8.061,2.31
165.351,10.74,10.02,8.1,2.33
165.512,10.78,9.82,8.022,2.35
165.644,10.81,9.92,8.061,2.37
165.806,10.78,9.97,8.081,2.39
165.948,10.76,10.07,8.12,2.41
166.091,10.78,9.92,8.061,2.43
166.224,10.8,10.02,8.1,2.44
166.352,10.88,9.97,8.081,2.46
166.489,10.9,9.97,8.081,2.48
166.657,10.93,9.73,7.987,2.5
166.791,11.0,9.87,8.042,2.52
167.099,11.07,9.87,8.042,2.56
167.214,11.03,9.97,8.081,2.58
167.369,10.99,9.97,8.081,2.6
167.502,10.97,9.87,8.042,2.62
167.635,11.0,9.82,8.022,2.63
167.817,11.0,9.78,8.006,2.66
167.939,11.03,9.82,8.022,2.67
168.113,11.0,9.92,8.061,2.7
168.186,10.97,10.12,8.139,2.71
168.385,11.03,9.68,7.967,2.73
168.548,11.13,10.07,8.12,2.76
168.692,11.16,10.31,8.212,2.78
168.84,11.17,9.97,8.081,2.8
168.964,11.18,10.22,8.178,2.81
169.086,11.27,10.07,8.12,2.83
169.257,11.31,9.87,8.042,2.85
169.379,11.31,9.92,8.061,2.87
169.549,11.39,9.68,7.967,2.89
169.705,11.44,9.82,8.022,2.91
169.845,11.46,9.53,7.907,2.93
169.978,11.43,9.63,7.947,2.95
170.158,11.44,10.02,8.1,2.97
170.279,11.53,10.17,8.159,2.99
170.447,11.58,10.02,8.1,3.01
170.598,11.63,9.92,8.061,3.03
170.722,11.67,9.68,7.967,3.05
170.903,11.68,9.97,8.081,3.07
171.035,11.74,9.63,7.947,3.09
171.203,11.73,9.63,7.947,3.11
171.334,11.74,9.73,7.987,3.13
171.506,11.73,9.29,7.811,3.15
171.647,11.73,9.68,7.967,3.17
171.817,11.73,9.68,7.967,3.19
171.937,11.73,9.87,8.042,3.21
172.112,11.74,9.63,7.947,3.23
172.26,11.77,9.34,7.831,3.25
172.383,11.79,9.09,7.73,3.27
172.556,11.8,9.48,7.887,3.29
172.714,11.86,9.78,8.006,3.31
172.874,11.88,9.53,7.907,3.33
173.037,11.94,9.87,8.042,3.35
173.158,11.95,9.63,7.947,3.37
173.318,12.0,10.02,8.1,3.39
173.442,12.03,9.38,7.847,3.41
173.562,12.07,3.57,4.956,3.42
173.735,12.1,0.1,0.0,3.43
173.897,12.06,0.05,0.0,3.43
174.017,12.01,0.0,0.0,3.43
174.182,11.48,0.05,0.0,3.43
174.304,10.63,0.0,0.0,3.43
174.451,9.32,0.1,0.0,3.43
174.582,8.21,0.05,0.0,3.43
174.726,7.36,0.05,0.0,3.43
174.889,6.72,0.1,0.0,3.43
175.018,6.24,0.1,0.0,3.43
175.184,5.87,0.05,0.0,3.43
175.314,5.57,0.1,0.0,3.43
175.501,5.32,0.0,0.0,3.43
175.626,5.13,0.05,0.0,3.43
175.788,4.96,0.05,0.0,3.43
175.924,4.83,0.0,0.0,3.43
176.083,4.73,0.05,0.0,3.43
176.211,4.61,0.05,0.0,3.43
176.39,4.49,0.05,0.0,3.43
176.543,4.41,0.0,0.0,3.43
176.675,4.32,0.05,0.0,3.43
176.836,4.21,0.0,0.0,3.43
176.988,4.12,0.0,0.0,3.43
177.137,4.05,0.05,0.0,3.43
177.259,3.97,0,0.0,3.43
177.425,3.91,0.1,0.0,3.43
177.566,3.81,0.05,0.0,3.43
177.718,3.72,0.05,0.0,3.43
177.837,3.68,0.0,0.0,3.43
177.999,3.61,0.0,0.0,3.43
178.12,3.55,0.0,0.0,3.43
178.279,3.47,0.1,0.0,3.43
178.404,3.42,0.0,0.0,3.43
178.537,3.35,0,0.0,3.43
178.668,3.3,0.0,0.0,0
178.871,3.2,0.05,0.0,0
179.07,3.13,0.05,0.0,0
179.26,3.06,0.0,0.0,0
179.387,3.0,0.0,0.0,0
179.554,2.94,0.0,0.0,0
179.721,2.87,0.0,0.0,0
179.939,2.8,0.05,0.0,0
180.067,2.76,0.0,0.0,0
180.233,2.7,0.05,0.0,0
180.391,2.66,0.05,0.0,0
180.514,2.61,0,0.0,0
180.676,2.56,0.0,0.0,0
180.832,2.51,0.05,0.0,0
180.962,2.48,0.05,0.0,0
181.147,2.44,0.0,0.0,0
181.266,2.4,0.0,0.0,0
181.445,2.37,0.05,0.0,0
181.6,2.35,0.05,0.0,0
181.753,2.31,0.05,0.0,0
181.91,2.28,0.05,0.0,0
182.033,2.24,0.0,0.0,0
182.197,2.21,0.05,0.0,0
182.337,2.18,0.1,0.0,0
182.477,2.14,0.05,0.0,0
182.661,2.11,0,0.0,0
182.81,2.09,0.05,0.0,0
182.93,1.96,0.0,0.0,0
183.675,1.95,0.0,0.0,0
183.844,1.93,0.0,0.0,0
183.9,1.93,0.05,0.0,0
184.015,1.91,0,0.0,0
184.209,1.89,0.05,0.0,0
184.38,1.85,0.0,0.0,0
184.573,1.82,0.0,0.0,0
184.767,1.8,0.05,0.0,0
184.886,1.79,0.0,0.0,0
185.065,1.79,0.1,0.0,0
185.22,1.77,0.1,0.0,0
185.375,1.75,0.05,0.0,0
185.508,1.74,0.05,0.0,0
185.631,1.72,0.1,0.0,0
185.745,1.7,0.0,0.0,0
185.928,1.68,0.05,0.0,0
186.047,1.66,0.0,0.0,0
186.215,1.66,0.05,0.0,0
186.347,1.65,0.0,0.0,0
186.522,1.63,0.1,0.0,0
186.659,1.62,0.0,0.0,0
186.807,1.6,0.05,0.0,0
186.946,1.59,0.1,0.0,0
187.14,1.57,0.1,0.0,0
187.331,1.54,0.1,0.0,0
187.51,1.53,0.0,0.0,0
187.669,1.53,0.1,0.0,0
187.848,1.51,0.05,0.0,0
188.029,1.5,0.0,0.0,0
188.191,1.49,0.05,0.0,0
188.329,1.49,0.05,0.0,0
188.477,1.47,0.1,0.0,0
188.603,1.47,0.0,0.0,0
188.811,1.44,0.1,0.0,0
188.955,1.42,0.05,0.0,0
189.119,1.42,0.05,0.0,0
189.242,1.41,0.15,0.0,0
189.403,1.41,0.05,0.0,0
189.533,1.41,0.15,0.0,0
189.699,1.4,0.1,0.0,0
189.82,1.4,0.1,0.0,0
189.989,1.39,0.1,0.0,0
190.13,1.39,0.05,0.0,0
190.267,1.39,0.0,0.0,0
190.423,1.38,0.05,0.0,0
190.581,1.37,0.05,0.0,0
190.715,1.36,0,0.0,0
190.851,1.36,0,0.0,0
190.973,1.35,0,0.0,0
191.11,1.35,0,0.0,0
191.229,1.34,0,0.0,0
191.363,1.33,0,0.0,0
191.483,1.32,0,0.0,0
191.618,1.32,0,0.0,0
191.74,1.32,0,0.0,0
191.874,1.32,0,0.0,0
191.998,1.32,0.05,0.0,0
192.151,1.32,0.1,0.0,0
192.283,1.31,0.05,0.0,0
192.404,1.31,0.0,0.0,0
192.574,1.3,0.05,0.0,0
192.73,1.29,0.05,0.0,0
192.858,1.28,0,0.0,0
193.037,1.28,0.05,0.0,0
193.156,1.27,0.0,0.0,0
193.338,1.27,0.05,0.0,0
193.458,1.27,0.0,0.0,0
193.628,1.27,0.05,0.0,0
193.789,1.26,0.05,0.0,0
193.917,1.26,0.05,0.0,0
194.081,1.24,0.1,0.0,0
194.204,1.24,0.0,0.0,0
194.395,1.23,0.05,0.0,0
194.549,1.22,0.1,0.0,0
194.678,1.23,0.0,0.0,0
194.808,1.23,0.05,0.0,0
194.946,1.23,0.05,0.0,0
195.119,1.22,0.0,0.0,0
195.24,1.22,0.0,0.0,0
195.404,1.21,0.05,0.0,0
195.545,1.2,0.0,0.0,0
195.699,1.2,0.1,0.0,0
195.823,1.2,0.05,0.0,0
195.944,1.2,0.05,0.0,0
196.092,1.19,0.15,0.0,0
196.277,1.19,0,0.0,0
196.396,1.18,0,0.0,0
196.585,1.18,0.05,0.0,0
196.727,1.18,0.1,0.0,0
196.862,1.18,0.05,0.0,0
197.022,1.18,0.0,0.0,0
197.142,1.18,0,0.0,0
197.27,1.19,0,0.0,0
197.404,1.2,0,0.0,0
197.545,1.19,0.05,0.0,0
197.671,1.19,0.15,0.0,0
197.835,1.18,0.05,0.0,0
197.999,1.17,0.0,0.0,0
198.12,1.16,0.05,0.0,0
198.284,1.15,0.05,0.0,0
198.426,1.15,0.0,0.0,0
198.578,1.14,0.0,0.0,0
198.739,1.13,0.05,0.0,0
198.794,1.13,0.05,0.0,0
198.946,1.13,0.05,0.0,0
199.086,1.13,0.05,0.0,0
199.227,1.13,0.0,0.0,0
199.378,1.13,0.1,0.0,0
199.64,1.13,0.0,0.0,0
199.755,1.13,0,0.0,0
199.941,1.13,0.05,0.0,0
200.064,1.13,0.05,0.0,0
200.227,1.13,0.05,0.0,0
200.364,1.14,0.1,0.0,0
200.52,1.13,0.05,0.0,0
200.646,1.14,0.05,0.0,0
200.77,1.14,0.05,0.0,0
200.934,1.13,0.1,0.0,0
201.063,1.14,0.05,0.0,0
201.232,1.13,0.05,0.0,0
201.362,1.12,0.05,0.0,0
201.526,1.12,0.0,0.0,0
201.667,1.11,0.05,0.0,0
201.817,1.11,0.1,0.0,0
201.94,1.11,0.0,0.0,0
202.064,1.11,0.05,0.0,0
202.211,1.11,0.05,0.0,0
202.395,1.11,0.05,0.0,0
202.549,1.11,0.1,0.0,0
202.678,1.11,0.0,0.0,0
202.804,1.11,0,0.0,0
202.945,1.11,0.05,0.0,0
203.074,1.11,0.0,0.0,0
203.257,1.11,0.05,0.0,0
203.379,1.1,0.0,0.0,0
203.545,1.09,0.05,0.0,0
203.687,1.09,0.15,0.0,0
203.839,1.09,0.1,0.0,0
203.973,1.08,0.05,0.0,0
204.14,1.08,0.05,0.0,0
204.263,1.07,0,0.0,0
204.456,1.07,0.05,0.0,0
204.575,1.06,0.0,0.0,0
204.756,1.06,0.05,0.0,0
204.914,1.06,0.05,0.0,0
205.071,1.06,0.05,0.0,0
205.222,1.06,0.0,0.0,0
205.345,1.06,0.0,0.0,0
205.521,1.06,0.05,0.0,0
205.646,1.06,0.05,0.0,0
205.814,1.05,0.05,0.0,0
205.97,1.04,0.05,0.0,0
206.121,1.03,0.05,0.0,0
206.243,1.03,0.0,0.0,0
206.407,1.03,0.1,0.0,0
206.543,1.03,0.0,0.0,0
206.706,1.05,0.1,0.0,0
206.842,1.07,0.0,0.0,0
207.0,1.1,0.0,0.0,0
207.137,1.13,0.1,0.0,0
207.312,1.15,0.0,0.0,0
207.473,1.16,0.05,0.0,0
207.625,1.19,0.0,0.0,0
207.755,1.2,0.1,0.0,0
207.946,1.2,0.05,0.0,0
208.115,1.19,0.05,0.0,0
208.26,1.17,0.1,0.0,0
208.379,1.17,0.0,0.0,0
208.496,1.15,0.05,0.0,0
208.677,1.14,0.1,0.0,0
208.799,1.14,0,0.0,0
208.957,1.14,0.05,0.0,0
209.078,1.14,0.0,0.0,0
209.191,1.14,0.0,0.0,0
209.334,1.13,0.05,0.0,0
209.487,1.12,0,0.0,0
209.654,1.09,0.05,0.0,0
209.83,1.07,0.05,0.0,0
209.985,1.07,0.05,0.0,0
210.12,1.05,0.05,0.0,0
210.243,1.04,0.0,0.0,0
210.364,1.03,0,0.0,0
210.54,1.02,0.1,0.0,0
210.664,1.01,0.1,0.0,0
210.827,1.0,0.1,0.0,0
210.967,0.99,0.05,0.0,0
211.12,0.99,0,0.0,0
211.248,0.98,0.05,0.0,0
211.434,0.98,0.05,0.0,0
211.586,0.98,0.0,0.0,0
211.725,0.97,0.0,0.0,0
211.875,0.97,0.05,0.0,0
212.031,0.97,0.05,0.0,0
212.188,0.97,0.1,0.0,0
212.319,0.97,0.05,0.0,0
212.445,0.96,0,0.0,0
212.565,0.96,0.1,0.0,0
212.772,0.96,0.1,0.0,0
212.902,0.96,0.0,0.0,0
213.02,0.97,0.05,0.0,0
213.556,0.97,0.0,0.0,0
213.713,0.97,0.05,0.0,0
213.871,0.97,0.0,0.0,0
214.022,0.98,0.05,0.0,0
214.077,0.98,0.1,0.0,0
214.197,0.98,0.0,0.0,0
214.364,0.99,0.05,0.0,0
214.494,0.99,0.05,0.0,0
214.674,0.99,0.15,0.0,0
214.802,0.99,0.0,0.0,0
214.942,1.01,0.05,0.0,0
215.125,1.01,0.05,0.0,0
215.334,1.0,0.0,0.0,0
215.486,1.0,0.0,0.0,0
215.625,0.99,0.1,0.0,0
215.776,0.99,0.1,0.0,0
215.931,0.99,0.05,0.0,0
216.088,0.98,0.1,0.0,0
216.235,0.97,0.05,0.0,0
216.395,0.96,0.05,0.0,0
216.55,0.96,0.0,0.0,0
216.703,0.96,0.05,0.0,0
216.838,0.97,0.05,0.0,0
216.96,0.97,0.0,0.0,0
217.074,0.97,0.0,0.0,0
217.246,0.96,0.0,0.0,0
217.386,0.95,0.0,0.0,0
217.544,0.95,0.0,0.0,0
217.675,0.95,0.0,0.0,0
217.857,0.95,0.05,0.0,0
217.976,0.97,0.0,0.0,0
218.158,0.99,0.05,0.0,0
218.28,0.99,0,0.0,0
218.44,0.99,0.05,0.0,0
218.56,0.99,0.05,0.0,0
218.675,1.01,0.05,0.0,0
218.86,1.02,0.05,0.0,0
218.992,1.02,0.0,0.0,0
219.147,1.02,0.0,0.0,0
219.282,1.01,0.05,0.0,0
219.444,1.0,0.05,0.0,0
219.573,0.99,0.1,0.0,0
219.759,0.99,0.1,0.0,0
219.881,0.97,0.0,0.0,0
220.046,0.98,0.05,0.0,0
220.181,1.0,0.05,0.0,0
220.336,1.03,0.2,1.402,0.0
220.502,1.07,3.32,4.79,0.01
220.627,1.1,6.89,6.768,0.02
220.794,1.1,8.31,7.404,0.04
220.948,1.09,9.63,7.947,0.06
221.12,1.11,9.97,8.081,0.08
221.288,1.16,10.17,8.159,0.11
221.427,1.19,10.51,8.289,0.13
221.58,1.2,9.87,8.042,0.15
221.708,1.24,9.63,7.947,0.16
221.901,1.32,9.73,7.987,0.19
222.026,1.49,9.82,8.022,0.21
222.19,1.7,9.87,8.042,0.23
222.323,1.94,10.02,8.1,0.25
222.486,2.2,9.87,8.042,0.27
222.626,2.48,9.63,7.947,0.29
222.779,2.77,9.82,8.022,0.31
222.905,3.06,9.58,7.927,0.32
223.101,3.35,9.78,8.006,0.35
223.226,3.62,9.78,8.006,0.37
223.392,3.9,9.63,7.947,0.39
223.547,4.16,9.48,7.887,0.41
223.69,4.41,9.63,7.947,0.43
223.823,4.66,9.63,7.947,0.45
223.981,4.89,9.78,8.006,0.47
224.106,5.13,9.68,7.967,0.48
224.305,5.41,9.73,7.987,0.51
224.496,5.6,9.78,8.006,0.54
224.656,5.81,9.58,7.927,0.56
224.819,6.05,9.87,8.042,0.58
224.941,6.25,9.68,7.967,0.59
225.101,6.44,9.63,7.947,0.62
225.234,6.59,9.63,7.947,0.63
225.42,6.72,9.73,7.987,0.66
225.607,6.93,9.63,7.947,0.68
225.754,7.05,9.73,7.987,0.7
225.883,7.17,9.78,8.006,0.72
226.078,7.33,9.38,7.847,0.75
226.287,7.52,9.38,7.847,0.77
226.46,7.65,9.53,7.907,0.8
226.641,7.75,9.58,7.927,0.82
226.777,7.8,9.78,8.006,0.84
226.947,7.87,9.68,7.967,0.86
227.087,7.95,9.82,8.022,0.88
227.24,8.03,9.87,8.042,0.9
227.382,8.09,10.02,8.1,0.92
227.516,8.16,9.92,8.061,0.94
227.699,8.22,9.82,8.022,0.96
227.822,8.34,10.12,8.139,0.98
227.981,8.44,9.63,7.947,1.0
228.106,8.47,9.58,7.927,1.02
228.24,8.56,9.58,7.927,1.03
228.366,8.58,9.63,7.947,1.05
228.5,8.66,9.73,7.987,1.07
228.626,8.7,9.68,7.967,1.08
228.764,8.72,9.58,7.927,1.1
228.894,8.74,9.58,7.927,1.12
229.08,8.82,9.48,7.887,1.14
229.241,8.88,9.38,7.847,1.17
229.296,8.91,9.29,7.811,1.17
229.415,8.94,9.29,7.811,1.19
229.6,9.01,9.48,7.887,1.21
229.722,9.08,9.34,7.831,1.23
229.89,9.11,9.34,7.831,1.25
230.024,9.13,9.38,7.847,1.27
230.186,9.16,9.48,7.887,1.29
230.329,9.25,9.38,7.847,1.31
230.463,9.29,9.58,7.927,1.33
230.636,9.31,9.53,7.907,1.35
230.799,9.35,9.53,7.907,1.37
230.922,9.4,9.53,7.907,1.39
231.089,9.48,9.87,8.042,1.41
231.243,9.61,9.87,8.042,1.43
231.38,9.68,9.87,8.042,1.45
231.505,9.72,9.82,8.022,1.46
231.643,9.73,9.92,8.061,1.48
231.914,9.78,10.17,8.159,1.52
232.07,9.83,10.26,8.193,1.54
232.204,9.86,10.36,8.232,1.56
232.336,9.93,10.17,8.159,1.58
232.52,9.9,10.12,8.139,1.6
232.648,9.99,9.97,8.081,1.62
232.81,10.0,10.12,8.139,1.64
232.943,10.07,9.97,8.081,1.66
233.102,10.06,10.02,8.1,1.68
233.238,10.06,9.92,8.061,1.7
233.392,10.11,9.78,8.006,1.72
233.524,10.17,9.87,8.042,1.74
233.722,10.23,9.92,8.061,1.76
233.919,10.27,9.82,8.022,1.79
234.041,10.28,9.87,8.042,1.81
234.209,10.32,9.73,7.987,1.83
234.361,10.38,9.73,7.987,1.85
234.487,10.43,9.92,8.061,1.87
234.658,10.46,10.02,8.1,1.89
234.781,10.46,9.97,8.081,1.91
234.956,10.48,9.97,8.081,1.93
235.119,10.51,9.87,8.042,1.95
235.239,10.55,9.87,8.042,1.97
235.402,10.64,10.02,8.1,1.99
235.536,10.66,10.22,8.178,2.01
235.719,10.66,9.92,8.061,2.03
235.84,10.74,9.68,7.967,2.05
236.001,10.78,9.82,8.022,2.07
236.129,10.77,9.82,8.022,2.09
236.278,10.86,9.78,8.006,2.11
236.405,10.91,9.82,8.022,2.12
236.56,10.94,9.92,8.061,2.14
236.686,10.95,9.87,8.042,2.16
236.816,11.02,9.82,8.022,2.18
236.978,11.01,10.02,8.1,2.2
237.098,11.03,9.97,8.081,2.22
237.273,11.02,10.02,8.1,2.24
237.431,11.01,10.22,8.178,2.26
237.563,11.01,10.22,8.178,2.28
237.697,11.06,9.82,8.022,2.3
237.873,11.09,9.58,7.927,2.32
238.029,11.16,9.53,7.907,2.34
238.162,11.2,9.78,8.006,2.36
238.298,11.21,10.02,8.1,2.38
238.464,11.2,9.97,8.081,2.4
238.6,11.21,9.87,8.042,2.42
238.762,11.25,9.73,7.987,2.44
238.887,11.23,9.82,8.022,2.46
239.08,11.25,9.92,8.061,2.48
239.205,11.32,10.22,8.178,2.5
239.375,11.39,10.07,8.12,2.52
239.531,11.44,9.97,8.081,2.54
239.689,11.47,9.92,8.061,2.56
239.822,11.47,9.73,7.987,2.58
239.95,11.49,9.82,8.022,2.6
240.101,11.49,9.73,7.987,2.62
240.224,11.47,9.68,7.967,2.64
240.39,11.52,9.48,7.887,2.66
240.543,11.51,9.48,7.887,2.68
240.677,11.44,9.68,7.967,2.7
240.837,11.49,9.78,8.006,2.72
240.973,11.51,9.58,7.927,2.73
241.132,11.54,9.53,7.907,2.76
241.28,11.55,9.58,7.927,2.78
241.403,11.55,9.68,7.967,2.79
241.568,11.61,9.63,7.947,2.81
241.73,11.59,9.43,7.867,2.83
241.854,11.62,9.34,7.831,2.85
242.025,11.62,9.53,7.907,2.87
242.187,11.69,9.63,7.947,2.89
242.344,11.77,9.78,8.006,2.92
242.495,11.75,9.53,7.907,2.94
242.651,11.81,9.48,7.887,2.96
242.777,11.81,9.82,8.022,2.97
242.955,11.89,9.43,7.867,3.0
243.11,11.89,9.43,7.867,3.02
243.264,11.89,9.43,7.867,3.04
243.399,11.89,9.53,7.907,3.05
244.021,11.87,9.87,8.042,3.14
244.2,11.87,10.07,8.12,3.16
244.359,11.93,9.78,8.006,3.18
244.48,12.01,9.87,8.042,3.2
244.657,12.04,10.02,8.1,3.22
244.821,12.01,10.12,8.139,3.25
244.918,12.02,10.17,8.159,3.26
245.105,12.08,9.48,7.887,3.28
245.259,12.1,5.33,5.989,3.3
245.383,12.08,0.05,0.0,3.31
245.559,12.07,0.05,0.0,3.31
245.694,12.1,0.0,0.0,3.31
245.848,11.77,0.1,0.0,3.31
246.007,10.64,0.1,0.0,3.31
246.142,9.37,0.0,0.0,3.31
246.3,8.27,0.1,0.0,3.31
246.456,7.42,0.05,0.0,3.31
246.594,6.75,0.05,0.0,3.31
246.724,6.27,0.1,0.0,3.31
246.907,5.88,0.1,0.0,3.31
247.065,5.57,0.0,0.0,3.31
247.218,5.31,0.1,0.0,3.31
247.374,5.1,0.05,0.0,3.31
247.531,4.95,0.0,0.0,3.31
247.695,4.82,0.0,0.0,3.31
247.849,4.72,0.05,0.0,3.31
247.98,4.62,0.05,0.0,3.31
248.19,4.48,0.0,0.0,3.31
248.337,4.37,0.1,0.0,3.31
248.488,4.28,0.0,0.0,3.31
248.628,4.18,0.0,0.0,3.31
248.786,4.1,0.05,0.0,3.31
248.942,4.0,0.05,0.0,3.31
249.099,3.93,0.1,0.0,3.31
249.226,3.86,0.0,0.0,3.31
249.407,3.78,0.05,0.0,3.31
249.57,3.7,0.05,0.0,3.31
249.691,3.62,0.0,0.0,3.31
249.857,3.55,0.0,0.0,3.31
249.996,3.48,0.05,0.0,3.31
250.153,3.39,0.05,0.0,3.31
250.285,3.34,0.0,0.0,0
250.476,3.24,0.0,0.0,0
250.631,3.18,0,0.0,0
250.773,3.14,0,0.0,0
250.915,3.11,0,0.0,0
251.043,3.05,0,0.0,0
251.173,3.01,0,0.0,0
251.296,2.95,0,0.0,0
251.431,2.91,0,0.0,0
251.554,2.85,0,0.0,0
251.691,2.82,0,0.0,0
251.816,2.78,0.05,0.0,0
251.94,2.75,0.05,0.0,0
252.055,2.71,0.0,0.0,0
252.231,2.66,0.05,0.0,0
252.356,2.61,0,0.0,0
252.526,2.57,0.05,0.0,0
252.68,2.53,0.05,0.0,0
252.801,2.5,0.05,0.0,0
252.977,2.44,0.05,0.0,0
253.14,2.39,0.0,0.0,0
253.286,2.35,0.0,0.0,0
253.41,2.32,0.0,0.0,0
253.544,2.29,0,0.0,0
253.667,2.24,0.0,0.0,0
253.846,2.21,0.1,0.0,0
253.968,2.18,0.0,0.0,0
254.097,2.16,0,0.0,0
254.213,2.14,0.05,0.0,0
254.379,2.12,0.05,0.0,0
254.537,2.12,0.05,0.0,0
254.702,2.1,0.05,0.0,0
254.834,2.08,0.05,0.0,0
254.956,2.06,0.0,0.0,0
255.111,2.03,0.05,0.0,0
255.235,2.0,0.0,0.0,0
255.367,1.98,0.0,0.0,0
255.496,1.95,0.0,0.0,0
255.66,1.93,0.1,0.0,0
255.802,1.91,0.05,0.0,0
255.926,1.89,0.0,0.0,0
256.116,1.87,0.0,0.0,0
256.235,1.84,0,0.0,0
256.401,1.81,0.1,0.0,0
256.524,1.8,0.0,0.0,0
256.652,1.81,0.05,0.0,0
256.774,1.82,0.05,0.0,0
256.924,1.86,0,0.0,0
257.047,1.9,0.0,0.0,0
257.188,1.91,0,0.0,0
257.324,1.93,0.0,0.0,0
257.439,1.96,0.0,0.0,0
257.636,1.98,0.05,0.0,0
257.819,1.97,0.1,0.0,0
257.977,1.96,0.1,0.0,0
258.103,1.95,0.0,0.0,0
258.269,1.93,0.05,0.0,0
258.428,1.9,0.05,0.0,0
258.562,1.88,0.0,0.0,0
258.719,1.86,0.05,0.0,0
258.859,1.82,0.15,0.0,0
258.992,1.78,0.0,0.0,0
259.169,1.73,0.05,0.0,0
259.291,1.68,0.0,0.0,0
259.458,1.64,0.05,0.0,0
259.603,1.61,0.05,0.0,0
259.676,1.6,0.1,0.0,0
259.828,1.59,0.05,0.0,0
259.948,1.58,0.05,0.0,0
260.119,1.6,0,0.0,0
260.268,1.61,0,0.0,0
260.387,1.59,0,0.0,0
260.563,1.54,0.1,0.0,0
260.718,1.48,1.08,2.861,0.0
260.869,1.44,4.89,5.749,0.01
260.998,1.4,7.77,7.169,0.03
261.16,1.42,8.41,7.446,0.05
261.313,1.48,9.53,7.907,0.07
261.446,1.64,10.02,8.1,0.09
261.609,1.89,9.73,7.987,0.11
261.734,2.07,9.78,8.006,0.12
261.901,2.14,10.02,8.1,0.15
262.034,2.12,10.22,8.178,0.16
262.19,2.05,10.07,8.12,0.19
262.317,2.02,9.73,7.987,0.2
262.455,2.03,9.63,7.947,0.22
262.587,2.09,9.68,7.967,0.24
262.758,2.18,9.53,7.907,0.26
262.912,2.32,9.53,7.907,0.28
263.037,2.5,9.38,7.847,0.3
263.204,2.7,9.43,7.867,0.32
263.36,2.91,9.58,7.927,0.34
263.521,3.13,9.53,7.907,0.36
263.677,3.36,9.48,7.887,0.38
263.821,3.57,9.63,7.947,0.4
263.982,3.79,9.63,7.947,0.42
264.285,4.21,9.24,7.791,0.46
264.443,4.42,9.53,7.907,0.48
264.601,4.61,9.29,7.811,0.5
264.756,4.79,9.04,7.709,0.52
264.911,4.97,9.04,7.709,0.54
265.071,5.16,9.19,7.77,0.56
265.197,5.34,9.34,7.831,0.58
265.364,5.5,9.53,7.907,0.6
265.525,5.65,9.73,7.987,0.62
265.687,5.79,9.87,8.042,0.65
265.849,5.94,10.02,8.1,0.67
265.973,6.08,9.68,7.967,0.68
266.137,6.19,9.68,7.967,0.71
266.289,6.33,9.53,7.907,0.73
266.455,6.45,9.48,7.887,0.75
266.596,6.56,9.48,7.887,0.77
266.738,6.66,9.73,7.987,0.78
266.91,6.78,9.73,7.987,0.81
267.036,6.88,9.68,7.967,0.82
267.208,6.99,9.68,7.967,0.85
267.329,7.05,9.68,7.967,0.86
267.491,7.11,9.48,7.887,0.88
267.62,7.18,9.63,7.947,0.9
267.815,7.31,9.63,7.947,0.93
268.008,7.36,9.68,7.967,0.95
268.131,7.48,9.63,7.947,0.97
268.297,7.55,9.87,8.042,0.99
268.441,7.62,9.58,7.927,1.01
268.603,7.71,9.68,7.967,1.03
268.738,7.74,9.82,8.022,1.05
268.89,7.81,9.82,8.022,1.07
269.049,7.86,9.58,7.927,1.09
269.173,7.88,9.63,7.947,1.11
269.332,7.94,9.48,7.887,1.13
269.466,7.99,9.34,7.831,1.15
269.648,8.06,9.38,7.847,1.17
269.772,8.16,9.38,7.847,1.19
269.936,8.2,9.53,7.907,1.21
270.079,8.28,9.43,7.867,1.23
270.236,8.31,9.43,7.867,1.25
270.379,8.36,9.38,7.847,1.27
270.532,8.44,9.48,7.887,1.29
270.666,8.49,9.58,7.927,1.3
270.836,8.53,9.73,7.987,1.33
270.976,8.6,9.87,8.042,1.35
271.119,8.63,9.63,7.947,1.36
271.253,8.71,9.78,8.006,1.38
271.418,8.76,9.78,8.006,1.4
271.569,8.8,9.73,7.987,1.42
271.7,8.82,9.78,8.006,1.44
271.847,8.87,9.78,8.006,1.46
272.017,8.93,9.68,7.967,1.48
272.159,8.96,9.92,8.061,1.5
272.314,9.0,9.92,8.061,1.52
272.447,9.01,9.78,8.006,1.54
272.617,9.03,9.82,8.022,1.56
272.759,9.04,9.78,8.006,1.58
272.921,9.06,9.87,8.042,1.6
273.077,9.11,10.02,8.1,1.63
273.225,9.14,9.97,8.081,1.65
273.383,9.19,9.92,8.061,1.67
273.541,9.22,9.78,8.006,1.69
273.697,9.35,9.73,7.987,1.71
274.243,9.38,9.73,7.987,1.78
274.397,9.41,9.63,7.947,1.8
274.538,9.43,9.78,8.006,1.82
274.683,9.43,9.97,8.081,1.84
274.837,9.46,10.07,8.12,1.86
274.978,9.51,9.97,8.081,1.88
275.13,9.52,10.02,8.1,1.9
275.253,9.56,9.97,8.081,1.92
275.365,9.56,9.82,8.022,1.93
275.555,9.63,10.02,8.1,1.96
275.709,9.63,9.92,8.061,1.98
275.869,9.69,9.82,8.022,2.0
275.993,9.71,9.97,8.081,2.02
276.113,9.74,10.02,8.1,2.03
276.29,9.78,9.97,8.081,2.06
276.413,9.77,10.12,8.139,2.07
276.58,9.77,10.12,8.139,2.1
276.715,9.83,10.26,8.193,2.11
276.868,9.92,10.07,8.12,2.14
276.993,9.92,10.02,8.1,2.15
277.118,9.96,9.78,8.006,2.17
277.29,9.96,9.82,8.022,2.19
277.413,10.01,9.82,8.022,2.21
277.581,10.06,9.97,8.081,2.23
277.737,10.09,9.97,8.081,2.25
277.88,10.13,9.87,8.042,2.27
278.033,10.12,9.87,8.042,2.29
278.19,10.16,9.97,8.081,2.31
278.312,10.24,10.12,8.139,2.33
278.481,10.25,10.07,8.12,2.35
278.647,10.26,9.73,7.987,2.37
278.814,10.32,9.73,7.987,2.4
279.021,10.31,9.58,7.927,2.42
279.194,10.31,9.68,7.967,2.45
279.331,10.39,9.87,8.042,2.47
279.457,10.41,9.78,8.006,2.48
279.652,10.43,9.73,7.987,2.51
279.779,10.44,9.73,7.987,2.52
279.91,10.49,9.58,7.927,2.54
280.07,10.53,9.34,7.831,2.56
280.2,10.58,9.48,7.887,2.58
280.452,10.6,9.29,7.811,2.61
280.577,10.59,9.43,7.867,2.63
280.719,10.62,9.68,7.967,2.65
280.862,10.63,9.73,7.987,2.67
281.03,10.67,9.63,7.947,2.69
281.206,10.72,9.63,7.947,2.71
281.371,10.71,9.73,7.987,2.73
281.527,10.72,9.78,8.006,2.76
281.689,10.67,9.78,8.006,2.78
281.85,10.77,9.73,7.987,2.8
282.009,10.81,9.87,8.042,2.82
282.167,10.85,9.92,8.061,2.84
282.33,10.85,9.82,8.022,2.86
282.505,10.93,9.82,8.022,2.89
282.646,10.99,9.63,7.947,2.91
282.815,10.96,9.78,8.006,2.93
282.959,10.97,9.82,8.022,2.95
283.085,11.0,9.63,7.947,2.96
283.26,10.95,9.97,8.081,2.99
283.384,11.01,9.87,8.042,3.0
283.572,11.08,9.63,7.947,3.03
283.698,11.07,9.82,8.022,3.05
283.88,11.13,9.78,8.006,3.07
284.037,11.19,9.92,8.061,3.09
284.198,11.17,9.68,7.967,3.11
284.36,11.17,10.12,8.139,3.13
284.486,11.19,9.29,7.811,3.15
284.65,11.19,9.82,8.022,3.17
284.775,11.2,9.73,7.987,3.19
284.942,11.22,9.87,8.042,3.21
285.099,11.23,10.22,8.178,3.23
285.257,11.23,0.24,1.507,3.25
285.419,11.24,0.05,0.0,3.25
285.578,11.3,0.05,0.0,3.25
285.737,11.24,0.05,0.0,3.25
285.898,10.53,0.0,0.0,3.25
286.058,9.27,0.1,0.0,3.25
286.178,8.18,0,0.0,3.25
286.341,7.33,0.05,0.0,3.25
286.47,6.64,0.0,0.0,3.25
286.638,6.11,0.05,0.0,3.25
286.799,5.72,0.1,0.0,3.25
286.956,5.41,0.05,0.0,3.25
287.115,5.16,0.05,0.0,3.25
287.275,4.99,0.1,0.0,3.25
287.394,4.84,0.0,0.0,3.25
287.547,4.71,0,0.0,3.25
287.724,4.57,0.05,0.0,3.25
287.843,4.46,0.05,0.0,3.25
288.0,4.38,0.0,0.0,3.25
288.128,4.31,0.05,0.0,3.25
288.277,4.19,0.05,0.0,3.25
288.437,4.11,0.0,0.0,3.25
288.59,4.06,0.0,0.0,3.25
288.714,3.98,0,0.0,3.25
288.845,3.93,0.05,0.0,3.25
288.975,3.83,0,0.0,3.25
289.097,3.78,0.05,0.0,3.25
289.213,3.71,0.0,0.0,3.25
289.385,3.63,0.05,0.0,3.25
289.524,3.55,0.0,0.0,3.25
289.685,3.47,0.05,0.0,3.25
289.853,3.39,0.05,0.0,3.25
289.989,3.33,0.05,0.0,3.25
290.116,3.26,0.05,0.0,3.25
290.29,3.19,0.05,0.0,0
290.435,3.14,0.05,0.0,0
290.564,3.07,0.1,0.0,0
290.666,3.03,0.05,0.0,0
290.85,2.97,0.05,0.0,0
290.971,2.93,0.0,0.0,0
291.138,2.87,0.0,0.0,0
291.268,2.82,0,0.0,0
291.427,2.78,0.05,0.0,0
291.587,2.73,0.05,0.0,0
291.74,2.68,0.05,0.0,0
291.893,2.64,0.05,0.0,0
292.026,2.6,0.1,0.0,0
292.187,2.57,0.1,0.0,0
292.353,2.51,0.05,0.0,0
292.548,2.47,0.05,0.0,0
292.707,2.43,0.05,0.0,0
292.859,2.38,0.05,0.0,0
292.982,2.34,0,0.0,0
293.116,2.3,0,0.0,0
293.259,2.28,0.05,0.0,0
293.382,2.23,0.05,0.0,0
293.536,2.2,0.05,0.0,0
293.705,2.17,0.0,0.0,0
293.866,2.13,0.05,0.0,0
294.02,2.11,0.1,0.0,0
294.173,2.09,0.05,0.0,0
294.304,2.06,0.05,0.0,0
294.469,2.04,0.0,0.0,0
294.625,2.01,0.05,0.0,0
294.745,1.98,0.0,0.0,0
294.898,1.95,0.0,0.0,0
295.069,1.92,0.05,0.0,0
295.225,1.9,0.05,0.0,0
295.385,1.88,0.0,0.0,0
295.504,1.87,0.0,0.0,0
295.67,1.86,0.05,0.0,0
295.828,1.86,0.1,0.0,0
295.95,1.86,0.0,0.0,0
296.119,1.86,0.05,0.0,0
296.242,1.85,0.1,0.0,0
296.417,1.82,0.0,0.0,0
296.54,1.79,0.05,0.0,0
296.711,1.76,0.05,0.0,0
296.858,1.74,0.05,0.0,0
297.144,1.7,0,0.0,0
297.271,1.69,0.05,0.0,0
297.387,1.68,0.0,0.0,0
297.559,1.65,0.05,0.0,0
297.683,1.63,0.05,0.0,0
297.856,1.61,0.1,0.0,0
297.999,1.61,0.05,0.0,0
298.122,1.63,0.05,0.0,0
298.242,1.65,0.05,0.0,0
298.388,1.67,0.0,0.0,0
298.561,1.67,0.05,0.0,0
298.715,1.65,0.0,0.0,0
298.847,1.62,0.0,0.0,0
299.007,1.6,0.0,0.0,0
299.129,1.58,0.0,0.0,0
299.305,1.56,0.05,0.0,0
299.424,1.55,0.05,0.0,0
299.597,1.53,0.05,0.0,0
299.721,1.52,0.05,0.0,0
299.895,1.5,0.05,0.0,0
300.027,1.48,0.0,0.0,0
300.192,1.48,0.05,0.0,0
300.315,1.47,0,0.0,0
300.506,1.46,0.05,0.0,0
300.625,1.45,0.0,0.0,0
300.785,1.44,0.1,0.0,0
300.949,1.43,0.05,0.0,0
301.106,1.42,0.15,0.0,0
301.227,1.42,0,0.0,0
301.39,1.41,0.05,0.0,0
301.548,1.42,0.15,0.0,0
301.668,1.46,1.81,3.615,0.0
301.841,1.48,7.53,7.062,0.02
301.996,1.49,10.51,8.289,0.04
302.119,1.55,9.97,8.081,0.06
302.249,1.64,9.78,8.006,0.07
302.365,1.88,9.97,8.081,0.09
302.531,2.15,10.02,8.1,0.11
302.661,2.3,9.78,8.006,0.13
302.836,2.34,9.82,8.022,0.15
302.961,2.34,10.12,8.139,0.17
303.108,2.37,9.92,8.061,0.19
303.28,2.46,9.97,8.081,0.21
303.432,2.6,9.73,7.987,0.23
303.596,2.8,9.82,8.022,0.25
303.739,3.03,9.82,8.022,0.27
303.891,3.28,10.02,8.1,0.29
304.027,3.53,9.92,8.061,0.31
304.199,4.53,9.58,7.927,0.33
304.783,4.73,9.87,8.042,0.41
304.919,4.95,9.73,7.987,0.43
305.087,5.13,9.53,7.907,0.45
305.21,5.35,9.63,7.947,0.47
305.4,5.58,9.48,7.887,0.49
305.607,5.78,9.63,7.947,0.52
305.778,5.97,9.97,8.081,0.54
305.898,6.12,9.63,7.947,0.56
306.065,6.26,9.38,7.847,0.58
306.195,6.4,9.43,7.867,0.6
306.276,6.45,9.38,7.847,0.61
306.412,6.54,9.38,7.847,0.63
306.566,6.65,9.53,7.907,0.65
306.709,6.77,9.43,7.867,0.67
306.867,6.85,9.63,7.947,0.69
307.008,6.98,9.48,7.887,0.71
307.18,7.09,9.82,8.022,0.73
307.302,7.19,9.63,7.947,0.75
307.473,7.24,9.73,7.987,0.77
307.63,7.28,9.78,8.006,0.79
307.764,7.38,9.78,8.006,0.81
307.918,7.44,9.63,7.947,0.83
308.042,7.52,9.53,7.907,0.84
308.224,7.58,9.73,7.987,0.87
308.411,7.67,9.82,8.022,0.89
308.556,7.73,9.82,8.022,0.91
308.737,7.79,9.97,8.081,0.94
308.882,7.86,9.87,8.042,0.96
309.039,7.94,9.97,8.081,0.98
309.173,8.06,9.97,8.081,0.99
309.297,8.09,10.07,8.12,1.01
309.431,8.16,9.87,8.042,1.03
309.561,8.2,10.12,8.139,1.05
309.754,8.28,9.68,7.967,1.07
309.887,8.34,9.82,8.022,1.09
310.055,8.4,9.87,8.042,1.11
310.195,8.44,9.82,8.022,1.13
310.358,8.48,9.82,8.022,1.15
310.484,8.55,9.73,7.987,1.17
310.616,8.59,9.58,7.927,1.19
310.742,8.64,9.78,8.006,1.2
310.874,8.69,9.82,8.022,1.22
310.996,8.79,9.73,7.987,1.24
311.128,8.84,9.68,7.967,1.26
311.255,8.93,9.68,7.967,1.27
311.384,9.02,9.38,7.847,1.29
311.505,9.1,9.43,7.867,1.31
311.647,9.15,9.43,7.867,1.32
311.782,9.19,9.68,7.967,1.34
311.933,9.22,9.92,8.061,1.36
312.065,9.27,9.82,8.022,1.38
312.232,9.26,9.63,7.947,1.4
312.365,9.29,9.58,7.927,1.42
312.528,9.32,9.68,7.967,1.44
312.653,9.38,9.82,8.022,1.46
312.913,9.46,9.73,7.987,1.49
313.036,9.46,9.58,7.927,1.51
313.167,9.47,9.58,7.927,1.53
313.294,9.46,9.68,7.967,1.54
313.489,9.47,9.68,7.967,1.57
313.611,9.48,9.68,7.967,1.59
313.771,9.54,9.63,7.947,1.61
313.904,9.58,9.58,7.927,1.62
314.089,9.59,9.78,8.006,1.65
314.247,9.59,9.78,8.006,1.67
314.413,9.62,9.82,8.022,1.69
314.593,9.65,9.82,8.022,1.72
314.729,9.7,9.73,7.987,1.73
314.856,9.69,9.73,7.987,1.75
314.989,9.68,9.87,8.042,1.77
315.114,9.68,9.82,8.022,1.79
315.242,9.7,9.73,7.987,1.8
315.407,9.75,9.82,8.022,1.82
315.567,9.78,9.78,8.006,1.85
315.73,9.84,9.92,8.061,1.87
315.859,9.93,10.07,8.12,1.89
316.02,9.91,10.22,8.178,1.91
316.159,9.95,10.02,8.1,1.93
316.317,9.95,10.12,8.139,1.95
316.478,9.96,9.87,8.042,1.97
316.637,10.0,9.92,8.061,1.99
316.797,10.05,10.02,8.1,2.01
316.92,10.1,10.02,8.1,2.03
317.061,10.12,9.78,8.006,2.05
317.198,10.14,9.82,8.022,2.07
317.318,10.16,9.78,8.006,2.08
317.485,10.19,10.02,8.1,2.1
317.625,10.23,10.02,8.1,2.12
317.787,10.24,10.02,8.1,2.15
317.95,10.22,9.87,8.042,2.17
318.097,10.26,9.92,8.061,2.19
318.257,10.32,9.97,8.081,2.21
318.417,10.34,9.92,8.061,2.23
318.603,10.35,9.97,8.081,2.25
318.737,10.39,9.97,8.081,2.27
318.869,10.39,9.78,8.006,2.29
319.057,10.43,9.87,8.042,2.32
319.185,10.48,9.82,8.022,2.33
319.345,10.55,10.02,8.1,2.35
319.486,10.61,9.87,8.042,2.37
319.646,10.63,9.87,8.042,2.39
319.807,10.65,9.82,8.022,2.42
319.97,10.68,9.82,8.022,2.44
320.149,10.71,9.63,7.947,2.46
320.276,10.68,9.58,7.927,2.48
320.453,10.73,10.02,8.1,2.5
320.584,10.77,9.92,8.061,2.52
320.753,10.8,9.92,8.061,2.54
320.885,10.87,9.92,8.061,2.56
321.05,10.87,9.97,8.081,2.58
321.171,10.9,9.87,8.042,2.6
321.256,10.9,9.97,8.081,2.61
321.407,10.92,9.78,8.006,2.63
321.564,10.92,9.73,7.987,2.65
321.726,10.96,9.87,8.042,2.67
321.853,11.06,10.12,8.139,2.69
322.015,11.1,10.41,8.251,2.71
322.155,11.12,10.17,8.159,2.73
322.296,11.17,10.12,8.139,2.75
322.464,11.14,10.02,8.1,2.77
322.6,11.21,9.92,8.061,2.79
322.728,11.22,9.92,8.061,2.81
322.89,11.25,9.82,8.022,2.83
323.073,11.28,9.58,7.927,2.86
323.21,11.32,9.63,7.947,2.87
323.336,11.32,9.63,7.947,2.89
323.466,11.35,9.48,7.887,2.91
323.633,11.35,9.78,8.006,2.93
323.764,11.35,9.38,7.847,2.95
323.894,11.29,9.34,7.831,2.96
324.017,11.33,9.38,7.847,2.98
324.188,11.35,9.63,7.947,3.0
324.347,11.33,9.58,7.927,3.02
324.507,11.32,9.48,7.887,3.04
324.677,11.38,9.29,7.811,3.07
324.854,11.42,9.34,7.831,3.09
325.006,11.48,9.24,7.791,3.11
325.166,11.5,9.19,7.77,3.13
325.306,11.53,9.29,7.811,3.15
325.459,11.53,9.24,7.791,3.17
325.614,11.59,9.24,7.791,3.19
325.747,11.62,9.48,7.887,3.21
325.912,11.63,9.58,7.927,3.23
326.037,11.6,9.63,7.947,3.24
326.213,11.62,9.78,8.006,3.27
326.345,11.6,9.63,7.947,3.28
326.512,11.63,4.89,5.749,3.3
326.637,11.63,0.0,0.0,3.31
326.773,11.62,0.0,0.0,3.31
326.929,11.64,0.05,0.0,3.31
327.058,11.45,0.0,0.0,3.31
327.219,10.35,0.1,0.0,3.31
327.365,9.11,0.0,0.0,3.31
327.498,8.06,0.0,0.0,3.31
327.668,7.2,0.1,0.0,3.31
327.819,6.56,0.05,0.0,3.31
327.961,6.05,0.0,0.0,3.31
328.082,5.67,0.0,0.0,3.31
328.277,5.36,0.05,0.0,3.31
328.437,5.13,0.05,0.0,3.31
328.596,4.93,0.0,0.0,3.31
328.792,4.78,0.0,0.0,3.31
328.911,4.65,0.0,0.0,3.31
329.055,4.54,0,0.0,3.31
329.233,4.44,0.05,0.0,3.31
329.559,4.23,0.05,0.0,3.31
329.716,4.16,0.1,0.0,3.31
329.879,4.07,0.05,0.0,3.31
330.037,4.0,0.05,0.0,3.31
330.159,3.91,0.05,0.0,3.31
330.308,3.83,0.05,0.0,3.31
330.44,3.78,0.0,0.0,3.31
330.61,3.68,0.0,0.0,3.31
330.753,3.61,0.0,0.0,3.31
330.902,3.57,0.0,0.0,3.31
331.058,3.5,0.05,0.0,3.31
331.224,3.42,0.05,0.0,3.31
331.356,3.33,0.05,0.0,3.31
